6 0.40200002034505206 0.7317425018060991 0.44866668701171875 0.7135665848348196 0.4313333129882814 0.6681267924066209 0.4660000610351564 0.5772472075502239 0.42333333333333356 0.45546854997552755 0.3353333536783854 0.33550752569933157 0.24066670735677084 0.3973056711359299 0.272666727701823 0.5917879272601232 0.29933339436848966 0.6863027093779004 0.3713333129882813 0.7099313875734395 0.397999979654948 0.7335601351045995
6 0.41799997965494806 0.8607914845679345 0.08466664632161454 0.6590388339209814 0.05533335367838538 0.5954231245215031 0.132666727701823 0.4736444669468071 0.31266672770182297 0.6444982528823235 0.417999979654948 0.7644592078228987 0.44466664632161473 0.8335276091110156
6 0.5006667073567709 0.8735147096505754 0.5646666463216148 0.8826026681362149 0.5953333536783857 0.8244396506253758 0.5686666870117187 0.7462832215159985 0.44466664632161457 0.6826675121165204 0.41133331298828124 0.7371952630303586 0.43400004069010417 0.8244396506253758
6 0.2153333536783854 0.2955204944953928 0.17533335367838543 0.25553346329145393 0.05400004069010428 0.3518658787077316 0 0.4445630275270083 0.002000020345052159 0.513631498150746 0.015333353678385493 0.5499833320933047 0.07266672770182299 0.4936380172165868 0.1353333536783855 0.4354750690413684 0.17533335367838548 0.3409602869235912
6 0.2926667277018229 0.3336899617364522 0.2379999796549481 0.27189181629985365 0.1646666463216146 0.36640659841763085 0.11133331298828125 0.4936380172165868 0.05666666666666674 0.5154491314492463 0.04066670735677082 0.5608889238774449 0.11799997965494799 0.5336250484205258 0.19666666666666674 0.5354426123834053 0.2553333536783855 0.42820467451860855
6 0.10333333333333342 0.3046084529810325 0.051333312988281324 0.07013920032071069 0.1579999796549479 0.030152134448961483 0.19799997965494792 0.27370938026273334
6 0.7033333333333334 0.8607914845679345 0.7366666666666667 0.8098990002510973 0.6940000406901043 0.7353778377387207 0.680666707356771 0.6699444257051214 0.47133331298828146 0.4954555811794664 0.45799997965494804 0.6517685087338421 0.6006667073567711 0.818986958736737 0.6779999796549482 0.8426155675966552
6 0.7713334147135418 0.8407980036337755 0.8526666259765626 0.7808175608312982 0.8473333740234374 0.6935731039006606 0.7153334554036458 0.5009083424037262 0.6740000406901043 0.5318074151220252 0.637999979654948 0.6281397612026821 0.6980000813802083 0.7317425018060991
6 0.177999979654948 0 0.20066670735677092 0.041057656897480824 0.19933339436848965 0.09376780918062902 0.24866668701171876 0.18828262596621664 0.48200002034505224 0.31006121420529215 0.5246666463216146 0.25371589932857425 0.3820000203450521 0.07922715880635049 0.33266672770182293 0
6 0.4779999796549479 0.17737703418207654 0.5326667277018231 0.17374187158850687 0.557999979654948 0.11557899274890938 0.540666707356771 0.06832153235439999 0.42866668701171895 0 0.35400004069010416 0.024699407892512088
6 0.9683333333333334 0.3065395095367847 0.976666666666667 0.24826313810431463 0.8113334147135417 0.13375490972018875 0.8273333740234375 0.25916866055283405 0.9340000406901041 0.2973381277938933
6 0.5406667073567708 0.2100936708632553 0.5886666870117188 0.0283345358182715 0.620666707356771 0 0.6620002237955729 0.010158618846992103 0.6620002237955731 0.06832153235440004 0.617999979654948 0.24281037688005486 0.5420000203450522 0.2428103768800549
6 0.2966666666666667 0.28825016930825337 0.32600006103515633 0.23735754632017428 0.43533335367838555 0.2864325360097529 0.6940000406901045 0.47727966420818707 0.6846666463216146 0.5463481348319247 0.6566666666666666 0.5972407578200034 0.6206667073567709 0.6190518027170423 0.48200002034505207 0.520901892673506 0.34866668701171877 0.40457599632306923 0.34200002034505206 0.32823713117657144 0.2979999796549479 0.3046084529810324