0 0.3953550295857988 0.2867976424361493 0.09511834319526627 0.09263261296660118
0 0.7250000000000001 0.3107858546168959 0.2127810650887574 0.07469548133595286
0 0.1915680473372781 0.3530255402750491 0.12831360946745562 0.07766208251473478
0 0.3942307692307692 0.41489194499017684 0.17849112426035502 0.06033398821218075
0 0.8638165680473373 0.4307465618860511 0.1961242603550296 0.10047151277013752
0 0.16396449704142013 0.4401768172888016 0.1460355029585799 0.03601178781925343
0 0.6140828402366864 0.49039292730844797 0.12357988165680474 0.11660117878192534
0 0.741094674556213 0.4998821218074656 0.15245562130177515 0.09764243614931238
0 0.39686390532544374 0.5327701375245579 0.3042603550295858 0.14658153241650296
0 0.7232248520710058 0.6598821218074656 0.3106508875739645 0.17225933202357566
0 0.2502662721893491 0.6860707269155206 0.4636390532544379 0.3593516699410609