4 0.2998328416912488 0.5572033898305084 0.19089478859390363 0.6682838983050847
4 0.5687610619469026 0.5793008474576271 0.12206489675516224 0.6222669491525423
4 0.12874139626352016 0.6413347457627118 0.16532940019665682 0.508771186440678
4 0.7428711897738446 0.6118432203389831 0.17348082595870207 0.5687076271186441
4 0.4421238938053097 0.7297245762711865 0.08666666666666667 0.3047881355932204
4 0.8814454277286136 0.7089830508474576 0.13484759095378562 0.34048728813559326
4 0.9309636184857424 0.5894279661016949 0.09622418879056047 0.5190677966101694
4 0.8003244837758111 0.5258686440677967 0.09341199606686332 0.6370974576271186
4 0.6419469026548673 0.5236016949152542 0.14889872173058014 0.6476906779661017
4 0.49374631268436575 0.5205720338983051 0.1151819075712881 0.6416525423728814
4 0.3676794493608653 0.481228813559322 0.08779744346116028 0.7445550847457627
4 0.2265093411996067 0.4608050847457627 0.10043264503441494 0.7854025423728813
4 0.0888495575221239 0.499385593220339 0.12712881022615535 0.7142796610169492