4 0.29715909090909093 0.7297878787878789 0.17803030303030304 0.3222121212121212
4 0.4978409090909091 0.728 0.1731439393939394 0.3189090909090909
4 0.7242045454545455 0.772 0.19299242424242424 0.3318787878787879
4 0.8080681818181819 0.481969696969697 0.15511363636363637 0.3174545454545455
4 0.9135984848484848 0.26045454545454544 0.16412878787878787 0.31312121212121213
4 0.7305303030303031 0.26696969696969697 0.1731439393939394 0.3318787878787879
4 0.0937878787878788 0.7272727272727273 0.1587121212121212 0.3174545454545455
4 0.21825757575757576 0.4855757575757576 0.16234848484848485 0.32466666666666666
4 0.4121590909090909 0.48484848484848486 0.16053030303030305 0.3174545454545455
4 0.6132575757575758 0.4841212121212121 0.16954545454545453 0.3217878787878788
4 0.33909090909090905 0.2611818181818182 0.16954545454545453 0.31457575757575756
4 0.5284848484848486 0.26696969696969697 0.16954545454545453 0.31457575757575756