4 0.50625 0.37292418772563174 0.115 0.29747292418772564
4 0.89825 0.7097472924187725 0.171 0.503971119133574
4 0.10025 0.7187725631768953 0.1745 0.5111913357400721
4 0.71475 0.796028880866426 0.128 0.33935018050541516
4 0.3975 0.8429602888086642 0.1075 0.26714801444043323
4 0.8490000000000001 0.28375451263537904 0.166 0.4685920577617329
4 0.14325 0.2913357400722022 0.16649999999999998 0.47653429602888087
4 0.677 0.2913357400722022 0.1565 0.45703971119133574
4 0.332 0.3115523465703971 0.161 0.42093862815884475
4 0.49200000000000005 0.9046931407942238 0.114 0.14296028880866427
4 0.5820000000000001 0.8339350180505415 0.10400000000000001 0.24404332129963896
4 0.259 0.7999999999999999 0.122 0.3494584837545126