2 0.15910714285714286 0.44901785714285714 0.18035714285714285 0.3463839285714286
2 0.2978125 0.44901785714285714 0.17401785714285714 0.3463839285714286
2 0.6963839285714286 0.7639285714285714 0.17410714285714285 0.4245089285714286
2 0.26035714285714284 0.7734821428571428 0.19473214285714285 0.38625
2 0.8685267857142858 0.7798214285714286 0.16459821428571428 0.44035714285714284
2 0.5576785714285715 0.7862053571428572 0.13897321428571427 0.4276339285714286
2 0.10071428571428571 0.7870089285714286 0.2014732142857143 0.40058035714285717
2 0.4173660714285714 0.7870089285714286 0.1867857142857143 0.32089285714285715
2 0.4652232142857143 0.12455357142857142 0.13897321428571427 0.24910714285714283
2 0.8629464285714287 0.1357142857142857 0.15022321428571428 0.2714285714285714
2 0.5959375 0.1396875 0.13263392857142858 0.2794196428571429
2 0.7258482142857143 0.14049107142857142 0.13107142857142856 0.28102678571428574
2 0.328125 0.17241071428571428 0.15486607142857142 0.2969642857142857
2 0.18941964285714286 0.17397321428571427 0.16441964285714286 0.28419642857142857
2 0.5839732142857142 0.4250892857142857 0.15651785714285715 0.33361607142857147
2 0.8844642857142857 0.4266964285714286 0.16459821428571428 0.3559375
2 0.7346428571428572 0.43388392857142855 0.15816964285714286 0.354375
2 0.43330357142857145 0.4354464285714286 0.1804017857142857 0.45638392857142857