2 0.6944 0.7435714285714285 0.12546666666666667 0.40255952380952376
2 0.21126666666666669 0.7435714285714285 0.14123333333333332 0.4354166666666667
2 0.34263333333333335 0.7608333333333333 0.1212 0.38779761904761906
2 0.8212 0.7831547619047619 0.13546666666666668 0.3298809523809524
2 0.5752666666666667 0.7958928571428572 0.1124 0.3142857142857143
2 0.4622666666666667 0.8004166666666667 0.11993333333333332 0.31511904761904763
2 0.2838 0.17011904761904761 0.10466666666666666 0.2745238095238095
2 0.4165333333333333 0.24011904761904765 0.10576666666666666 0.24952380952380954
2 0.6426 0.24113095238095236 0.12943333333333332 0.11607142857142858
2 0.7666 0.2992261904761905 0.09983333333333333 0.2856547619047619
2 0.20713333333333334 0.3930952380952381 0.12376666666666668 0.33785714285714286
2 0.6978666666666667 0.4193452380952381 0.11313333333333332 0.3083333333333333
2 0.3424 0.4279761904761905 0.10696666666666668 0.3173809523809524
2 0.45206666666666667 0.48714285714285716 0.11969999999999999 0.35357142857142854
2 0.8225666666666667 0.4936904761904762 0.1143 0.31744047619047616
2 0.5784666666666667 0.5053571428571428 0.10596666666666667 0.3038690476190476