2 0.21236363636363637 0.569945652173913 0.23792727272727276 0.5714673913043479
2 0.7028000000000001 0.6089673913043478 0.2544727272727273 0.33548913043478257
2 0.45047272727272725 0.7191304347826086 0.21847272727272726 0.26994565217391303
2 0.7457454545454546 0.7401630434782609 0.3322909090909091 0.2555978260869565
2 0.3145818181818182 0.13983695652173914 0.17567272727272729 0.17820652173913043
2 0.15974545454545455 0.23527173913043478 0.11916363636363637 0.21608695652173912
2 0.5241090909090909 0.3319021739130435 0.1378909090909091 0.2161413043478261
2 0.6714545454545455 0.34157608695652175 0.14054545454545453 0.21940217391304345
2 0.5635636363636364 0.4221195652173913 0.17534545454545455 0.17108695652173914
2 0.8022181818181818 0.47184782608695647 0.20934545454545456 0.41956521739130437
2 0.3265818181818182 0.4817391304347826 0.21850909090909093 0.5319565217391304
2 0.4285454545454545 0.5189673913043478 0.17283636363636365 0.21586956521739128