2 0.11343333333333333 0.6367261904761905 0.22686666666666666 0.7266071428571428
2 0.9105666666666667 0.8183333333333332 0.16743333333333332 0.36327380952380955
2 0.17876666666666668 0.8296428571428571 0.2846666666666667 0.34071428571428575
2 0.6888 0.8316666666666667 0.29906666666666665 0.3366071428571428
2 0.45330000000000004 0.8707142857142858 0.26206666666666667 0.2586309523809524
2 0.6353333333333333 0.12952380952380954 0.21236666666666668 0.2590476190476191
2 0.38136666666666663 0.2100595238095238 0.1898 0.3771428571428571
2 0.2765666666666667 0.354702380952381 0.3166333333333333 0.3555357142857143
2 0.7521333333333333 0.36041666666666666 0.15176666666666666 0.26845238095238094
2 0.9467666666666665 0.47101190476190474 0.10646666666666667 0.16303571428571428
2 0.605 0.47744047619047614 0.16086666666666666 0.2972619047619047
2 0.7591333333333333 0.5733333333333333 0.17679999999999998 0.2961309523809524