2 0.3930314960629921 0.5130150753768844 0.19909448818897638 0.15281407035175879
2 0.6033858267716535 0.5136180904522613 0.20405511811023622 0.1580402010050251
2 0.7021259842519685 0.6412562814070352 0.19999999999999998 0.17623115577889448
2 0.4951968503937008 0.6428643216080402 0.19874015748031496 0.16336683417085426
2 0.2950787401574803 0.6436683417085427 0.19850393700787403 0.1649748743718593
2 0.8008661417322834 0.7596984924623116 0.20098425196850392 0.18391959798994975
2 0.5985039370078741 0.7667336683417086 0.1987007874015748 0.18592964824120603
2 0.39255905511811023 0.768140703517588 0.20759842519685037 0.17668341708542712
2 0.19874015748031496 0.7713567839195979 0.1947244094488189 0.1831155778894472
2 0.8922047244094489 0.8827638190954773 0.19976377952755905 0.18879396984924623
2 0.10236220472440945 0.8853768844221105 0.19098425196850394 0.19005025125628142
2 0.6898425196850394 0.889748743718593 0.1974015748031496 0.19522613065326633
2 0.29448818897637796 0.8934170854271356 0.1932677165354331 0.19005025125628142
2 0.4887795275590551 0.8948241206030151 0.20157480314960632 0.19688442211055276
2 0.5068503937007874 0.38251256281407037 0.2031496062992126 0.13703517587939698