2 0.8180727272727273 0.591639344262295 0.2802909090909091 0.30005464480874317
2 0.09854545454545455 0.6489617486338798 0.19712727272727273 0.37016393442622947
2 0.6966545454545455 0.857431693989071 0.23730909090909091 0.2851912568306011
2 0.10898181818181818 0.8776502732240438 0.20589090909090907 0.24469945355191258
2 0.4788727272727273 0.894863387978142 0.1917818181818182 0.21027322404371582
2 0.21214545454545455 0.10344262295081967 0.25276363636363636 0.2068306010928962
2 0.03592727272727273 0.10344262295081967 0.07185454545454546 0.2068306010928962
2 0.15610909090909092 0.2160655737704918 0.1708727272727273 0.19612021857923498
2 0.795309090909091 0.30923497267759564 0.3021090909090909 0.2978688524590164
2 0.2146909090909091 0.423224043715847 0.20185454545454545 0.28704918032786886
2 0.4071272727272727 0.49043715846994534 0.2291272727272727 0.5543715846994536