6 0.13815384615384615 0.8121408450704225 0.11446153846153848 0.2128262910798122
6 0.6796923076923077 0.10328638497652583 0.07753846153846154 0.20657276995305165
6 0.4633846153846154 0.39447887323943664 0.08676923076923077 0.3227887323943662
6 0.9656923076923077 0.3569295774647887 0.06676923076923076 0.1575023474178404
6 0.1467692307692308 0.07511737089201878 0.09969230769230769 0.15023474178403756
6 0.20153846153846153 0.19850911200435606 0.14615384615384616 0.13387044274657242 0.23353844275841346 0 0.28646155724158656 0.003089844691738267
6 0.3787692495492788 0.3563477509876243 0.22984619140625 0.3187671226582747 0.23846153846153847 0.2706639069280096 0.39107694185697117 0.3022316691307561
6 0.2618461726262019 0.7742443265412939 0.19907696063701924 0.7441798238778143 0.19415386493389422 0.7050959933526859 0.2630769230769231 0.649476766643527 0.3726154033954327 0.6224186110281169 0.42430767352764426 0.6945735206387466
6 0.22615384615384615 0.9230636376629135 0.19292311448317306 0.8584249110616418 0.22123075045072116 0.8058120314005522 0.2729231144831731 0.7516959495436842 0.38 0.7231346490759832 0.3972307880108173 0.7847669712856974 0.3123076923076923 0.8629346323359541
6 0.583076923076923 0.9050249819396161 0.6421538837139423 0.6224186110281169 0.6913846529447115 0.5698057313670275 0.7135385366586539 0.5788250592286761 0.7233847280649038 0.6810443568158093 0.6606154221754807 0.920057233271356
6 0.8193845778245192 0.739670217290478 0.8193845778245192 0.6945735206387466 0.9030769230769231 0.649476766643527 0.9806154221754808 0.6539863158873753 1 0.6539863158873753 1 0.7622185942880878 0.8760000375600961 0.7501927473479054
6 0.9313846529447115 0.649476766643527 0.9523076923076923 0.47961222337658854 0.9953846153846154 0.4300058054505447 1 0.4450380567822845 1 0.6539863158873753
6 0.8673846905048077 0.6449669880257266 0.832923114483173 0.5728121931020731 0.832923114483173 0.49464447470832834 0.8563076547475962 0.4450380567822845 0.9006154221754807 0.4630767125055819 0.9338461538461539 0.5848379826987673 0.9215384615384615 0.62843147715472
6 0.6667692683293269 0.5487605565651965 0.6556925142728366 0.2646510408014065 0.7307692307692307 0.2646510408014065 0.7467692683293269 0.5487605565651965
6 0.6396922889122596 0.5968638869824376 0.6015384615384616 0.5607863461618907 0.5990769606370192 0.5277154391068536 0.5473845966045673 0.47359929990649735 0.48092313326322117 0.33229617179423576 0.5461538461538461 0.27216716646727646 0.6372309758112981 0.4164767563145836 0.7024615009014423 0.5262121795675867 0.7024615009014423 0.586341184894546 0.6606154221754807 0.6058831001571102
6 0.48584613506610574 0.6239218132238956 0.42061542217548076 0.6043800126483077 0.23846153846153847 0.45255418244815443 0.2975384990985577 0.3683735405843185 0.42430767352764426 0.47961222337658854 0.5215384615384615 0.5667993843189579 0.5264615572415865 0.593857310560416
6 0.23846153846153847 0.5968638869824376 0.11292311448317308 0.469089635975673 0.17569232647235578 0.3984380432477982 0.36892305814302884 0.5773218570328973 0.3455385178786058 0.6239218132238956 0.2926154033954327 0.6344445153117872
6 0.5498461914062498 0.798419391796959 0.4107692307692306 0.6826711597608408 0.34184617262620176 0.6075099031021417 0.36769230769230754 0.5744388240166403 0.5929231144831729 0.7277678564125722 0.5916923640324517 0.7593355612718307 0.5621538837139421 0.7909032661310891
6 0.05753849909855769 0.5502638161044633 0.00830772986778846 0.5126831877751138 0.10923076923076923 0.267657445192964 0.18307692307692308 0.30373487132653487 0.09076923076923077 0.5457540948301509
6 0.00830772986778846 0.8704507580018241 0.05753849909855769 0.7817604522071638 0.08338463416466346 0.6690185672191151 0.08830772986778847 0.5322251030376779 0.05630774864783654 0.5111799282358469 0.025538517878605768 0.5201993134409836 0.004615384615384616 0.503663802569977 0 0.5367347669685023 0 0.8719539601976029
6 0.00830772986778846 0.4164767563145836 0.09199998121995193 0.3698768001235853 0.21384615384615385 0.2841929560639707 0.20153846153846153 0.2210574890019658 0.154769287109375 0.18047039893757064 0.10307692307692308 0.20903167073352752 0 0.27968329213314636
6 0.44892305814302885 0.2315800764028813 0.41323082557091345 0.18648329373591777 0.3996922889122596 0.13537364494235118 0.4636923452524038 0.10831560401391707 0.49323082557091347 0.2015155450676576 0.4944615760216346 0.2390962020687512
6 0.8353846153846154 0.3413154996558845 0.86 0.32478004612836586 0.8526154972956731 0.2421026638037968 0.762769305889423 0.048186598686957766 0.7369230769230769 0.046683367819434995 0.7061538461538461 0.09027689094713169 0.7529231144831731 0.24510906819535433 0.7861538461538462 0.2826896965247039
6 0.7812308443509616 0.5547734800352877 0.8784615384615385 0.46157351030980315 0.887076885516827 0.43451546938136903 0.8661538461538462 0.3909219175819283 0.8353846153846154 0.3834057919160584 0.7467692683293269 0.4735992999064973 0.7443077674278846 0.5397412287035478
6 0.37630774864783656 0.9080313863311736 0.3467692683293269 0.8734571623933817 0.38123075045072113 0.8238508018108258 0.5129231144831731 0.7757475287370726 0.535076904296875 0.8088185504790859 0.5289230581430289 0.8418894575341231 0.5092307692307693 0.8524121022785267 0.43661536583533656 0.892999134999434 0.4021538837139423 0.9170507141928224
6 0.2827692119891827 0.27968329213314636 0.36892305814302884 0.17596073500674636 0.3652308067908654 0.12785751927648123 0.33199998121995195 0.09328335268217727 0.30984619140625 0.12334785534565691 0.25199998121995193 0.20001234287187886 0.21753849909855769 0.25412845340049106 0.2126154033954327 0.2902058221905738
6 0.2323076923076923 0.2315800764028813 0.215076904296875 0.1714510424041779 0.2741538649338942 0.06321885001869758 0.29876924954927886 0.0557027243528277 0.3123076923076923 0.0797543322179602 0.31846153846153846 0.1323672118790496 0.27907696063701926 0.16243171454252928 0.24584613506610578 0.2135413633360959